type: mandelbrot
pixels: 640
centerX:     -1.543577002
centerY:     -0.000058690069
axisLength:  0.000051248888
iterations: 100
